9


3 3
30 50 70
30 50 70

2 3 1
4 3 2
1 1 1





2 4
1200 1000
400 1800 800 600

4 9 2 5
12 11 3 4




6 4

100 200 50 300 150 400
300 500 150 250


4 5 8 10
1 3 6 5
2 2 2 2
8 7 6 2
3 4 5 6
1 10 9 8




3 4
11 11 8
5 9 9 7

7 8 5 3
2 4 5 9 
6 3 1 2





3 3
100 200 300
150 200 250

5 3 1
3 2 4
4 1 2




3 4


600 1200 1000
200 1100 400 1100

1 2 5 3
1 6 5 2
6 3 7 4









3 4
300 200 150
200 100 300 50

7 1 3 5
2 4 9 1
1 8 12 15






5 6
130 55 80 65 135
130 75 65 60 75 60

6 6 8 5 4 3
2 4 3 9 8 5
3 5 7 9 6 11
3 5 4 4 2 1
2 5 6 3 2 8






3 3
100 200 50
100 50 200

1 1 1
1 1 1
1 1 1





3 3
100 200 50
100 50 200

10 10 1
1 10 10
1 1 10











